902   -6942  2804  2029
1140  -6914  2710  2154
1362  -6876  2643  2268
1581  -6828  2594  2361
1808  -6771  2536  2439
2042  -6703  2457  2507
2270  -6626  2368  2573
2485  -6545  2281  2648
2692  -6461  2190  2733
2901  -6371  2092  2818
3121  -6270  1991  2892
3345  -6159  1894  2954
3557  -6042  1799  3012
3747  -5917  1701  3063
3926  -5787  1599  3106
4107  -5656  1493  3145
4295  -5527  1384  3190
4481  -5392  1274  3242
4662  -5243  1164  3291
4839  -5076  1057  3330
5012  -4900  949   3363
5176  -4724  835   3395
5331  -4553  718   3425
5482  -4383  603   3449
5627  -4210  493   3465
5759  -4028  382   3474
5880  -3834  266   3480
5997  -3630  147   3482
6115  -3423  29    3485
6230  -3218  -85   3490
6337  -3011  -198  3493
6435  -2797  -316  3485
6523  -2576  -436  3467
6600  -2357  -554  3447
6669  -2145  -667  3428
6740  -1934  -775  3408
6809  -1714  -884  3381
6864  -1486  -999  3347
6902  -1257  -1115  3309
6932  -1031  -1226  3271
6964  -804  -1329  3232
6998  -570  -1430  3190
7023  -327  -1536  3142
7030  -85   -1641  3089
7023  144   -1741  3035
7013  365   -1837  2982
7002  589   -1934  2924
6981  819   -2031  2856
6941  1049  -2124  2778
6891  1273  -2216  2698
6846  1499  -2307  2622
6809  1729  -2396  2548
6762  1953  -2482  2470
6695  2166  -2566  2389
6609  2376  -2648  2307
6517  2597  -2725  2220
6424  2826  -2794  2127
6326  3046  -2857  2027
6222  3248  -2919  1930
6111  3436  -2982  1839
5996  3626  -3045  1747
5876  3827  -3103  1644
5748  4033  -3152  1534
5613  4227  -3195  1425
5469  4400  -3238  1321
5318  4563  -3285  1215
5159  4732  -3330  1102
4994  4909  -3367  987 
4825  5082  -3395  878 
4655  5241  -3424  774 
4483  5387  -3454  669 
4307  5530  -3480  555 
4124  5672  -3492  436 
3930  5809  -3493  319 
3731  5934  -3494  207 
3532  6047  -3501  95  
3335  6154  -3509  -23 
3131  6256  -3509  -144
2919  6356  -3500  -262
2705  6450  -3486  -376
2497  6539  -3472  -489
2287  6620  -3453  -605
2062  6696  -3428  -720
1824  6765  -3400  -834
1588  6828  -3370  -946
1359  6880  -3341  -1055
1131  6920  -3309  -1163
901   6947  -3271  -1271
676   6965  -3225  -1382
456   6981  -3175  -1495
228   6997  -3125  -1603
-15   7008  -3073  -1702
-260  7004  -3019  -1792
-493  6984  -2958  -1880
-717  6956  -2891  -1972
-941  6927  -2817  -2072
-1170  6896  -2742  -2178
-1397  6855  -2669  -2281
-1624  6805  -2596  -2373
-1854  6750  -2518  -2452
-2086  6688  -2432  -2525
-2310  6616  -2340  -2599
-2523  6537  -2251  -2678
-2734  6452  -2168  -2755
-2949  6359  -2086  -2825
-3165  6254  -1997  -2888
-3376  6142  -1893  -2948
-3578  6027  -1781  -3010
-3771  5910  -1671  -3071
-3961  5782  -1570  -3128
-4154  5644  -1471  -3176
-4344  5500  -1367  -3217
-4519  5353  -1262  -3256
-4679  5204  -1157  -3299
-4841  5051  -1050  -3342
-5017  4892  -936  -3376
-5198  4724  -819  -3397
-5362  4547  -706  -3415
-5503  4366  -595  -3440
-5634  4184  -482  -3469
-5768  3998  -365  -3489
-5904  3803  -249  -3493
-6032  3603  -136  -3490
-6146  3406  -23   -3492
-6248  3209  94    -3496
-6344  3001  212   -3495
-6439  2779  329   -3483
-6531  2551  446   -3464
-6617  2331  565   -3445
-6695  2120  686   -3428
-6765  1907  804   -3407
-6825  1684  916   -3380
-6877  1453  1024  -3348
-6922  1222  1131  -3314
-6960  992   1238  -3276
-6988  760   1346  -3230
-7004  524   1450  -3174
-7014  293   1551  -3114
-7024  76    1654  -3060
-7033  -135  1760  -3014
-7030  -357  1864  -2968
-7010  -598  1959  -2913
-6978  -843  2046  -2847
-6941  -1077  2134  -2775
-6900  -1298  2226  -2703
-6852  -1518  2316  -2631
-6796  -1742  2400  -2553
-6733  -1966  2483  -2467
-6665  -2187  2570  -2376
-6592  -2406  2655  -2286
-6512  -2623  2728  -2200
-6424  -2839  2787  -2113
-6322  -3052  2845  -2016
-6206  -3262  2912  -1913
-6087  -3464  2981  -1815
-5971  -3658  3039  -1727
-5856  -3847  3083  -1634
-5729  -4036  3123  -1525
-5587  -4226  3173  -1404
-5437  -4412  3232  -1290
-5289  -4591  3290  -1189
-5141  -4765  3338  -1091
-4985  -4935  3374  -982
-4815  -5098  3402  -865
-4635  -5251  3426  -751
-4459  -5397  3448  -642
-4289  -5540  3466  -533
-4115  -5680  3482  -421
-3925  -5812  3498  -308
-3719  -5937  3509  -197
-3510  -6055  3513  -86 
-3308  -6170  3508  31  
-3110  -6278  3500  155 
-2908  -6381  3492  280 
-2697  -6474  3482  397 
-2479  -6555  3467  505 
-2254  -6626  3448  612 
-2027  -6692  3426  724 
-1805  -6758  3402  839 
-1589  -6818  3375  952 
-1370  -6868  3341  1062
-1139  -6908  3304  1168
-903  -6943  3265  1269
-671  -6973  3224  1370
-441  -6998  3177  1476
-206  -7015  3122  1583
38    -7021  3063  1686
279   -7014  3008  1784
507   -6996  2954  1881
724   -6971  2894  1980
944   -6941  2824  2078
1174  -6906  2746  2171
1407  -6862  2667  2257
1631  -6810  2591  2339
1845  -6754  2517  2422
2057  -6694  2440  2509
2278  -6628  2355  2594
2505  -6549  2263  2670
2725  -6456  2172  2738
2934  -6356  2084  2803
3137  -6251  1995  2871
3347  -6142  1898  2938
3561  -6026  1793  3002
3767  -5904  1685  3063
3956  -5778  1581  3119
4135  -5653  1483  3168
4314  -5527  1386  3210
4496  -5392  1282  3248
4675  -5243  1171  3289
4846  -5085  1058  3332
5007  -4921  949   3373
5160  -4751  841   3405
5312  -4574  734   3427
5465  -4393  624   3445
5613  -4210  508   3465
5750  -4024  383   3479
5874  -3830  256   3484
5992  -3634  140   3483
6109  -3442  36    3485
6227  -3251  -68   3490
6338  -3045  -182  3490
6436  -2823  -305  3481
6521  -2600  -424  3468
6600  -2390  -536  3454
6676  -2184  -646  3437
6745  -1966  -757  3411
6798  -1736  -868  3380
6840  -1508  -976  3351
6884  -1287  -1087  3324
6938  -1064  -1199  3288
6984  -828  -1307  3240
7002  -588  -1408  3187
6997  -359  -1509  3137
6995  -144  -1615  3092
7009  70    -1724  3046
7024  294   -1827  2991
7018  530   -1922  2924
6989  767   -2011  2853
6949  996   -2103  2784
6910  1219  -2197  2718
6870  1440  -2290  2647
6826  1663  -2378  2570
6772  1885  -2460  2492
6705  2108  -2537  2415
6624  2330  -2613  2334
6535  2547  -2688  2246
6447  2760  -2761  2153
6357  2970  -2830  2059
6255  3179  -2894  1966
6140  3382  -2954  1870
6025  3575  -3013  1775
5912  3764  -3073  1678
5791  3957  -3128  1579
5654  4151  -3176  1472
5507  4336  -3218  1362
5362  4511  -3261  1251
5217  4683  -3310  1144
5065  4854  -3358  1037
4906  5024  -3396  927 
4741  5187  -3421  814 
4566  5342  -3439  701 
4376  5485  -3458  588 
4182  5619  -3476  474 
3993  5748  -3489  359 
3803  5880  -3498  243 
3604  6009  -3504  128 
3396  6126  -3507  16  
3190  6230  -3506  -96 
2989  6325  -3502  -209
2785  6417  -3495  -324
2574  6507  -3482  -437
2355  6592  -3465  -551
2132  6672  -3446  -667
1907  6742  -3425  -783
1681  6796  -3398  -895
1457  6839  -3365  -1004
1237  6881  -3327  -1112
1016  6927  -3286  -1223
789   6968  -3239  -1332
553   6992  -3188  -1439
311   7001  -3137  -1541
69    7001  -3085  -1643
-167  6995  -3028  -1746
-395  6983  -2967  -1851
-618  6968  -2904  -1953
-841  6954  -2841  -2048
-1069  6935  -2774  -2135
-1302  6900  -2702  -2217
-1536  6844  -2628  -2299
-1764  6775  -2553  -2383
-1984  6704  -2472  -2468
-2201  6639  -2382  -2552
-2420  6571  -2290  -2634
-2640  6490  -2199  -2715
-2855  6395  -2108  -2788
-3060  6295  -2015  -2854
-3259  6197  -1926  -2913
-3457  6093  -1839  -2972
-3661  5975  -1748  -3032
-3867  5845  -1645  -3092
-4063  5714  -1537  -3147
-4244  5585  -1432  -3198
-4417  5451  -1329  -3245
-4595  5301  -1219  -3287
-4776  5138  -1104  -3323
-4945  4975  -993  -3356
-5098  4814  -886  -3386
-5245  4646  -777  -3412
-5397  4467  -661  -3433
-5547  4281  -541  -3452
-5688  4100  -426  -3471
-5819  3920  -317  -3486
-5941  3728  -208  -3489
-6054  3525  -98   -3484
-6164  3324  14    -3479
-6279  3132  130   -3482
-6393  2937  252   -3485
-6490  2728  373   -3479
-6564  2508  487   -3463
-6627  2284  592   -3441
-6697  2062  699   -3417
-6774  1844  813   -3394
-6845  1628  932   -3372
-6899  1410  1052  -3345
-6936  1185  1168  -3310
-6961  952   1276  -3267
-6979  719   1376  -3220
-6996  486   1474  -3173
-7014  255   1575  -3122
-7026  27    1676  -3066
-7022  -193  1773  -3009
-7007  -411  1864  -2952
-6991  -635  1955  -2894
-6973  -869  2050  -2833
-6941  -1105  2147  -2766
-6891  -1331  2242  -2694
-6838  -1547  2332  -2614
-6789  -1766  2414  -2529
-6738  -1992  2495  -2443
-6670  -2219  2578  -2362
-6588  -2439  2664  -2283
-6499  -2649  2743  -2200
-6406  -2857  2811  -2109
-6308  -3067  2873  -2011
-6203  -3276  2935  -1913
-6095  -3480  2999  -1817
-5981  -3679  3058  -1720
-5859  -3876  3110  -1619
-5730  -4068  3158  -1516
-5595  -4251  3206  -1413
-5450  -4426  3252  -1308
-5294  -4596  3294  -1203
-5128  -4768  3331  -1096
-4957  -4938  3365  -985
-4788  -5100  3398  -870
-4624  -5256  3428  -751
-4463  -5409  3452  -633
-4289  -5558  3470  -521
-4098  -5693  3483  -411
-3899  -5816  3493  -298
-3707  -5936  3503  -181
-3521  -6055  3513  -66 
-3330  -6170  3520  40  
-3124  -6280  3521  141 
-2906  -6385  3514  254 
-2683  -6486  3497  382 
-2457  -6573  3474  514 
-2228  -6646  3450  636 
-2001  -6707  3426  745 
-1783  -6762  3401  848 
-1571  -6813  3373  950 
-1354  -6860  3338  1053
-1125  -6901  3296  1162
-888  -6936  3253  1279
-653  -6962  3218  1392
-426  -6979  3190  1489
-205  -6989  3149  1569
19    -6993  3075  1650
251   -6989  2980  1751
490   -6976  2894  1875
724   -6958  2835  2006
942   -6939  2790  2121
1150  -6912  2739  2209
1362  -6870  2675  2275
1586  -6812  2604  2337
1817  -6748  2525  2412
2049  -6687  2435  2502
2281  -6624  2343  2597
2510  -6551  2258  2684
2728  -6464  2179  2760
2937  -6367  2095  2828
3143  -6266  2000  2889
3351  -6159  1899  2946
3554  -6044  1798  3002
3750  -5917  1693  3060
3943  -5782  1586  3115
4134  -5648  1480  3165
4319  -5517  1381  3211
4493  -5384  1283  3256
4660  -5240  1175  3300
4826  -5082  1056  3338
4990  -4918  939   3367
5149  -4752  834   3392
5304  -4582  735   3419
5456  -4400  625   3447
5602  -4205  504   3469
5738  -4008  381   3482
5866  -3821  264   3487
5991  -3640  148   3486
6112  -3452  32    3485
6226  -3248  -87   3487
6330  -3033  -204  3490
6423  -2816  -320  3488
6505  -2604  -431  3477
6579  -2395  -535  3459
6652  -2185  -638  3438
6728  -1968  -745  3414
6801  -1744  -859  3387
6860  -1519  -973  3359
6905  -1296  -1087  3330
6944  -1072  -1200  3294
6978  -840  -1310  3246
7005  -599  -1414  3192
7019  -357  -1515  3143
7022  -125  -1618  3099
7019  94    -1724  3050
7010  310   -1831  2990
6994  539   -1933  2924
6970  784   -2030  2861
6939  1030  -2121  2795
6900  1260  -2209  2720
6855  1474  -2295  2636
6804  1688  -2384  2555
6750  1912  -2473  2480
6690  2143  -2556  2405
6618  2370  -2631  2316
6533  2589  -2700  2217
6440  2801  -2769  2122
6345  3011  -2837  2039
6246  3219  -2904  1956
6135  3424  -2970  1859
6011  3624  -3035  1750
5880  3822  -3094  1642
5747  4014  -3147  1541
5609  4200  -3195  1442
5462  4381  -3242  1337
5312  4559  -3287  1230
5163  4736  -3327  1125
5012  4912  -3363  1017
4850  5085  -3398  903 
4674  5250  -3429  784 
4487  5399  -3449  666 
4298  5532  -3460  551 
4112  5657  -3470  437 
3927  5785  -3485  319 
3737  5918  -3500  201 
3541  6047  -3507  85  
3338  6162  -3502  -29 
3131  6265  -3496  -139
2923  6363  -3494  -251
2713  6461  -3494  -363
2498  6555  -3485  -478
2279  6637  -3462  -600
2062  6704  -3431  -724
1841  6760  -3401  -841
1610  6808  -3377  -947
1375  6853  -3351  -1046
1149  6899  -3320  -1152
930   6943  -3281  -1267
704   6975  -3234  -1382
463   6989  -3183  -1488
221   6988  -3130  -1584
-7    6984  -3077  -1680
-229  6984  -3019  -1784
-462  6984  -2953  -1890
-704  6972  -2882  -1989
-939  6942  -2814  -2077
-1158  6896  -2752  -2160
-1374  6847  -2690  -2245
-1599  6800  -2616  -2335
-1832  6750  -2529  -2425
-2065  6689  -2439  -2514
-2286  6615  -2355  -2597
-2495  6535  -2275  -2672
-2701  6452  -2190  -2741
-2916  6364  -2097  -2808
-3139  6268  -1999  -2876
-3354  6165  -1900  -2941
-3547  6052  -1801  -3000
-3727  5928  -1701  -3050
-3915  5796  -1602  -3097
-4115  5664  -1504  -3148
-4313  5531  -1403  -3203
-4497  5392  -1296  -3254
-4665  5245  -1184  -3295
-4825  5093  -1072  -3327
-4981  4938  -964  -3357
-5136  4775  -857  -3391
-5288  4603  -748  -3425
-5434  4424  -635  -3451
-5574  4242  -520  -3469
-5712  4058  -404  -3483
-5852  3869  -289  -3494
-5988  3674  -177  -3498
-6111  3473  -66   -3496
-6221  3265  45    -3489
-6320  3056  160   -3482
-6411  2849  276   -3472
-6501  2640  390   -3459
-6588  2422  503   -3445
-6670  2200  619   -3430
-6738  1982  741   -3411
-6794  1767  863   -3382
-6847  1545  979   -3348
-6900  1312  1088  -3315
-6947  1078  1195  -3284
-6981  850   1303  -3248
-7001  624   1411  -3205
-7011  394   1517  -3156
-7019  164   1618  -3104
-7021  -64   1715  -3047
-7012  -291  1811  -2987
-6993  -521  1910  -2922
-6968  -751  2008  -2857
-6942  -979  2099  -2793
-6911  -1206  2186  -2730
-6872  -1435  2275  -2663
-6821  -1663  2366  -2589
-6759  -1884  2451  -2507
-6689  -2096  2529  -2422
-6613  -2305  2606  -2333
-6536  -2518  2689  -2241
-6459  -2737  2772  -2150
-6375  -2960  2842  -2064
-6276  -3176  2899  -1974
-6162  -3381  2952  -1872
-6037  -3575  3013  -1759
-5910  -3769  3079  -1649
-5783  -3966  3141  -1550
-5651  -4161  3192  -1455
-5509  -4345  3239  -1355
-5358  -4519  3286  -1248
-5203  -4691  3333  -1141
-5047  -4858  3372  -1039
-4890  -5015  3401  -934
-4725  -5165  3426  -819
-4549  -5314  3447  -691
-4365  -5466  3465  -565
-4179  -5616  3476  -450
-3994  -5760  3484  -347
-3806  -5895  3491  -243
-3609  -6017  3497  -132
-3403  -6122  3502  -17 
-3199  -6215  3505  97  
-3005  -6308  3502  209 
-2812  -6408  3490  322 
-2598  -6509  3471  436 
-2361  -6598  3450  550 
-2123  -6668  3431  663 
-1904  -6726  3409  773 
-1699  -6782  3385  882 
-1488  -6839  3359  991 
-1268  -6893  3329  1103
-1043  -6936  3292  1214
-816  -6964  3248  1323
-582  -6978  3202  1427
-347  -6985  3156  1529
-121  -6990  3106  1631
100   -6995  3048  1731
330   -6992  2986  1827
569   -6976  2924  1922
803   -6951  2862  2019
1026  -6922  2795  2114
1243  -6888  2721  2201
1463  -6846  2643  2279
1686  -6793  2566  2358
1911  -6733  2493  2444
2136  -6669  2418  2533
2357  -6598  2334  2617
2571  -6518  2242  2693
2782  -6427  2146  2766
2991  -6332  2052  2835
3197  -6235  1959  2898
3399  -6130  1865  2954
3596  -6012  1769  3010
3787  -5888  1672  3070
3974  -5764  1571  3131
4160  -5639  1465  3185
4347  -5501  1360  3228
4535  -5347  1260  3265
4713  -5191  1162  3304
4878  -5040  1055  3346
5034  -4888  940   3384
5190  -4728  824   3410
5342  -4559  717   3426
5486  -4387  613   3442
5622  -4210  502   3467
5758  -4028  381   3495
5890  -3838  257   3512
6012  -3639  138   3511
6121  -3435  25    3500
6224  -3231  -82   3491
6329  -3029  -189  3487
6430  -2824  -300  3484
6521  -2609  -420  3476
6599  -2389  -547  3459
6669  -2171  -669  3434
6732  -1956  -777  3407
6790  -1739  -875  3382
6845  -1517  -980  3356
6896  -1293  -1097  3326
6940  -1069  -1213  3291
6974  -846  -1317  3255
6996  -620  -1413  3216
7009  -390  -1511  3168
7014  -158  -1614  3109
7015  70    -1716  3048
7014  291   -1816  2989
7005  513   -1914  2929
6983  741   -2009  2862
6951  973   -2100  2793
6917  1199  -2190  2723
6878  1421  -2280  2649
6823  1642  -2365  2569
6754  1866  -2443  2488
6685  2090  -2521  2411
6623  2310  -2604  2336
6556  2524  -2685  2256
6470  2733  -2758  2166
6369  2937  -2822  2066
6264  3143  -2888  1966
6159  3350  -2957  1872
6054  3554  -3024  1784
5945  3749  -3080  1689
5828  3938  -3129  1583
5694  4125  -3175  1474
5546  4309  -3222  1373
5395  4489  -3269  1274
5249  4662  -3311  1168
5100  4827  -3344  1057
4941  4983  -3371  950 
4772  5134  -3396  848 
4598  5288  -3419  742 
4416  5448  -3438  623 
4225  5604  -3452  497 
4036  5740  -3468  380 
3856  5856  -3488  274 
3678  5965  -3506  167 
3487  6079  -3512  52  
3280  6193  -3505  -72 
3069  6297  -3493  -190
2860  6387  -3483  -299
2648  6474  -3476  -404
2430  6561  -3467  -517
2209  6642  -3452  -637
1993  6712  -3428  -754
1780  6772  -3397  -860
1562  6827  -3364  -962
1335  6877  -3330  -1069
1104  6917  -3295  -1180
878   6950  -3257  -1290
658   6976  -3214  -1391
433   6996  -3169  -1483
200   7006  -3122  -1577
-35   7005  -3073  -1677
-259  6998  -3016  -1783
-475  6985  -2951  -1889
-696  6965  -2882  -1990
-926  6938  -2814  -2081
-1156  6907  -2747  -2167
-1377  6871  -2679  -2250
-1596  6825  -2607  -2336
-1822  6764  -2531  -2424
-2050  6692  -2453  -2509
-2272  6618  -2372  -2587
-2488  6547  -2288  -2660
-2702  6473  -2199  -2731
-2915  6383  -2106  -2801
-3122  6276  -2012  -2867
-3323  6160  -1917  -2932
-3522  6048  -1819  -2993
-3719  5940  -1716  -3049
-3912  5824  -1611  -3099
-4098  5690  -1506  -3148
-4278  5544  -1401  -3199
-4454  5402  -1296  -3249
-4628  5267  -1192  -3292
-4804  5127  -1086  -3327
-4976  4966  -976  -3355
-5135  4787  -865  -3377
-5274  4608  -757  -3399
-5407  4438  -653  -3426
-5549  4270  -544  -3455
-5697  4092  -425  -3478
-5836  3903  -301  -3490
-5957  3710  -180  -3498
-6069  3513  -67   -3505
-6182  3312  41    -3508
-6293  3108  152   -3504
-6390  2901  269   -3493
-6474  2692  388   -3478
-6557  2480  502   -3458
-6643  2263  607   -3434
-6721  2042  711   -3410
-6781  1821  822   -3389
-6826  1601  939   -3371
-6870  1380  1057  -3343
-6917  1154  1171  -3303
-6958  923   1281  -3254
-6983  692   1387  -3204
-6997  466   1488  -3157
-7007  240   1586  -3111
-7015  8     1687  -3062
-7014  -230  1791  -3006
-7002  -465  1894  -2943
-6986  -689  1989  -2877
-6968  -907  2079  -2812
-6942  -1129  2172  -2750
-6900  -1359  2264  -2684
-6846  -1588  2347  -2609
-6788  -1808  2417  -2525
-6725  -2022  2487  -2439
-6652  -2237  2566  -2354
-6569  -2458  2653  -2271
-6481  -2679  2737  -2183
-6390  -2896  2808  -2092
-6293  -3107  2870  -2000
-6185  -3311  2930  -1909
-6070  -3505  2994  -1813
-5953  -3693  3059  -1707
-5835  -3884  3120  -1597
-5708  -4082  3174  -1492
-5565  -4279  3220  -1393
-5409  -4461  3260  -1294
-5249  -4627  3299  -1192
-5091  -4787  3337  -1089
-4935  -4945  3377  -982
-4778  -5104  3412  -869
-4614  -5262  3437  -750
-4443  -5422  3452  -635
-4264  -5578  3462  -524
-4079  -5719  3475  -411
-3886  -5840  3488  -292
-3687  -5951  3496  -173
-3488  -6063  3499  -61 
-3290  -6182  3499  45  
-3088  -6297  3497  155 
-2876  -6400  3493  273 
-2656  -6486  3484  391 
-2439  -6559  3467  502 
-2229  -6628  3439  611 
-2024  -6697  3407  724 
-1813  -6766  3388  842 
-1591  -6828  3389  956 
-1360  -6877  3387  1057
-1127  -6912  3348  1144
-899  -6940  3271  1230
-678  -6965  3193  1333
-458  -6986  3141  1460
-233  -6998  3112  1595
-2    -6997  3079  1714
229   -6988  3031  1807
457   -6978  2973  1888
684   -6965  2909  1977
914   -6941  2835  2076
1147  -6902  2748  2176
1377  -6854  2660  2270
1601  -6805  2584  2358
1823  -6756  2517  2441
2046  -6700  2446  2515
2273  -6630  2363  2580
2496  -6549  2277  2645
2710  -6462  2189  2720
2918  -6373  2095  2800
3128  -6278  1995  2878
3339  -6174  1897  2944
3542  -6058  1804  3001
3737  -5933  1708  3055
3929  -5803  1601  3108
4124  -5669  1489  3154
4315  -5528  1384  3197
4495  -5377  1286  3241
4666  -5220  1184  3289
4838  -5063  1068  3334
5012  -4904  945   3368
5184  -4738  825   3394
5344  -4558  710   3417
5491  -4370  596   3440
5627  -4183  480   3463
5758  -4001  364   3484
5886  -3815  250   3498
6010  -3623  138   3503
6129  -3423  26    3501
6243  -3217  -91   3493
6353  -3004  -211  3484
6454  -2785  -327  3476
6544  -2561  -439  3470
6623  -2339  -552  3461
6697  -2118  -672  3441
6763  -1897  -796  3409
6821  -1674  -919  3371
6873  -1447  -1033  3333
6918  -1214  -1138  3298
6953  -981  -1239  3262
6975  -751  -1344  3224
6993  -522  -1455  3183
7017  -289  -1567  3138
7039  -48   -1674  3085
7040  194   -1779  3022
7014  436   -1882  2952
6981  673   -1981  2884
6957  906   -2071  2817
6938  1138  -2157  2750
6902  1372  -2248  2674
6844  1604  -2342  2591
6779  1828  -2429  2509
6719  2046  -2506  2429
6657  2269  -2582  2349
6580  2501  -2666  2264
6483  2728  -2750  2174
6379  2936  -2824  2082
6279  3132  -2886  1991
6181  3335  -2944  1900
6070  3546  -3003  1803
5943  3748  -3065  1701
5807  3935  -3126  1594
5675  4120  -3183  1484
5541  4311  -3232  1372
5394  4498  -3276  1260
5233  4671  -3318  1153
5069  4833  -3354  1049
4907  4995  -3381  944 
4745  5159  -3399  831 
4576  5317  -3416  710 
4398  5468  -3438  587 
4212  5612  -3461  468 
4020  5750  -3478  356 
3821  5879  -3491  246 
3615  5999  -3500  133 
3408  6108  -3502  14  
3206  6210  -3495  -103
3006  6310  -3486  -217
2798  6415  -3482  -330
2578  6515  -3479  -447
2354  6600  -3472  -566
2138  6669  -3451  -683
1926  6733  -3420  -794
1706  6798  -3386  -903
1473  6856  -3355  -1013
1235  6902  -3326  -1127
1001  6937  -3289  -1236
772   6966  -3238  -1336
543   6989  -3182  -1429
315   7000  -3132  -1525
87    7005  -3087  -1633
-142  7009  -3035  -1750
-375  7006  -2972  -1863
-612  6987  -2908  -1963
-844  6955  -2846  -2052
-1069  6919  -2781  -2137
-1293  6883  -2709  -2225
-1523  6838  -2632  -2312
-1754  6779  -2557  -2395
-1978  6709  -2479  -2474
-2196  6640  -2395  -2550
-2418  6572  -2307  -2628
-2643  6496  -2217  -2705
-2864  6405  -2124  -2776
-3070  6298  -2026  -2841
-3266  6190  -1928  -2907
-3464  6089  -1830  -2975
-3668  5986  -1728  -3039
-3870  5860  -1620  -3091
-4060  5710  -1513  -3135
-4239  5560  -1413  -3182
-4418  5426  -1313  -3232
-4601  5294  -1207  -3279
-4783  5137  -1092  -3317
-4950  4955  -976  -3349
-5104  4774  -866  -3379
-5255  4613  -758  -3405
-5412  4456  -647  -3425
-5568  4283  -531  -3445
-5709  4089  -414  -3467
-5831  3887  -298  -3486
-5948  3690  -185  -3497
-6070  3496  -73   -3498
-6195  3295  38    -3494
-6309  3084  149   -3489
-6403  2871  263   -3483
-6482  2660  384   -3478
-6561  2452  511   -3470
-6648  2238  632   -3453
-6734  2015  739   -3427
-6803  1788  842   -3395
-6850  1562  953   -3363
-6887  1341  1075  -3332
-6929  1118  1190  -3296
-6970  889   1291  -3252
-6998  655   1389  -3203
-7011  425   1497  -3153
-7018  199   1612  -3102
-7027  -29   1721  -3050
-7029  -269  1819  -2994
-7014  -515  1910  -2933
-6984  -754  2000  -2868
-6952  -981  2090  -2800
-6920  -1205  2180  -2728
-6879  -1434  2269  -2649
-6825  -1667  2360  -2566
-6759  -1895  2450  -2487
-6686  -2114  2535  -2414
-6607  -2328  2606  -2338
-6525  -2541  2667  -2251
-6444  -2753  2731  -2154
-6362  -2963  2806  -2055
-6267  -3168  2886  -1961
-6156  -3366  2958  -1872
-6035  -3560  3018  -1784
-5916  -3757  3075  -1689
-5791  -3957  3133  -1584
-5651  -4153  3185  -1473
-5500  -4335  3227  -1365
-5353  -4506  3264  -1261
-5214  -4675  3304  -1156
-5069  -4848  3345  -1046
-4904  -5021  3385  -928
-4721  -5183  3416  -809
-4536  -5332  3438  -692
-4359  -5473  3454  -579
-4188  -5612  3471  -468
-4011  -5751  3490  -356
-3822  -5884  3504  -243
-3621  -6008  3508  -133
-3415  -6124  3503  -24 
-3207  -6233  3496  87  
-2999  -6336  3491  200 
-2789  -6432  3489  313 
-2580  -6517  3483  428 
-2366  -6595  3469  544 
-2142  -6667  3444  662 
-1911  -6733  3414  777 
-1689  -6790  3387  888 
-1479  -6839  3365  994 
-1270  -6879  3339  1098
-1044  -6911  3304  1206
-805  -6933  3256  1320
-570  -6954  3203  1431
-348  -6977  3149  1534
-130  -7000  3100  1632
97    -7009  3050  1734
334   -6998  2994  1840
573   -6973  2929  1939
803   -6944  2859  2026
1024  -6916  2790  2111
1241  -6882  2720  2201
1464  -6838  2647  2295
1695  -6785  2572  2383
1931  -6728  2494  2463
2161  -6662  2411  2543
2377  -6585  2324  2628
2582  -6503  2236  2709
2787  -6421  2144  2777
3001  -6333  2047  2834
3222  -6228  1948  2892
3436  -6107  1851  2957
3631  -5982  1754  3023
3813  -5863  1654  3082
3996  -5747  1549  3134
4187  -5623  1447  3181
4381  -5484  1347  3224
4567  -5333  1243  3264
4740  -5175  1131  3307
4902  -5016  1019  3350
5055  -4859  912   3386
5204  -4698  807   3407
5355  -4520  697   3420
5507  -4332  580   3437
5654  -4144  462   3459
5786  -3962  349   3475
5902  -3776  238   3481
6014  -3579  126   3481
6130  -3376  8     3487
6249  -3173  -114  3494
6360  -2967  -236  3493
6458  -2753  -353  3479
6549  -2535  -467  3459
6634  -2319  -579  3441
6713  -2103  -691  3423
6780  -1883  -801  3401
6832  -1660  -909  3373
6874  -1435  -1016  3341
6912  -1211  -1125  3309
6950  -984  -1237  3271
6985  -754  -1350  3223
7011  -521  -1460  3168
7023  -287  -1565  3116
7025  -55   -1666  3068
7021  172   -1766  3022
7009  399   -1867  2967
6986  631   -1966  2904
6955  867   -2061  2835
6922  1100  -2151  2764
6890  1322  -2238  2690
6851  1536  -2323  2617
6798  1754  -2406  2543
6730  1980  -2486  2465
6655  2211  -2565  2381
6578  2438  -2645  2294
6499  2650  -2722  2206
6415  2848  -2796  2117
6321  3044  -2866  2023
6210  3250  -2928  1922
6088  3459  -2986  1820
5965  3660  -3044  1725
5848  3849  -3102  1635
5728  4040  -3155  1539
5595  4234  -3201  1430
5445  4421  -3245  1313
5289  4593  -3292  1202
5137  4760  -3336  1099
4985  4931  -3370  996 
4824  5098  -3395  885 
4650  5249  -3419  766 
4472  5389  -3447  646 
4294  5531  -3472  531 
4111  5678  -3489  420 
3915  5816  -3498  310 
3714  5940  -3502  198 
3521  6053  -3505  82  
3332  6160  -3507  -37 
3133  6263  -3505  -153
2919  6360  -3499  -264
2700  6454  -3486  -373
2485  6544  -3468  -484
2271  6625  -3447  -598
2051  6696  -3427  -712
1829  6762  -3406  -826
1609  6823  -3380  -939
1390  6874  -3344  -1047
1169  6910  -3301  -1151
945   6935  -3260  -1256
718   6960  -3223  -1362
488   6987  -3183  -1466
249   7009  -3133  -1564
8     7018  -3075  -1661
-229  7010  -3016  -1764
-456  6990  -2957  -1873
-677  6964  -2897  -1975
-899  6938  -2833  -2065
-1124  6911  -2766  -2148
-1354  6878  -2694  -2237
-1587  6829  -2620  -2331
-1816  6763  -2544  -2421
-2035  6691  -2464  -2503
-2249  6624  -2374  -2584
-2465  6563  -2274  -2665
-2687  6493  -2173  -2743
-2908  6402  -2086  -2811
-3122  6290  -2009  -2875
-3323  6168  -1930  -2936
-3515  6047  -1834  -2996
-3703  5931  -1724  -3053
-3897  5814  -1609  -3109
-4094  5686  -1500  -3161
-4284  5547  -1399  -3207
-4463  5401  -1301  -3246
-4635  5255  -1198  -3283
-4807  5108  -1088  -3321
-4977  4955  -977  -3363
-5139  4790  -867  -3402
-5292  4617  -754  -3433
-5437  4438  -634  -3451
-5575  4257  -510  -3462
-5711  4072  -395  -3474
-5847  3881  -288  -3488
-5981  3684  -180  -3495
-6103  3484  -67   -3487
-6211  3278  50    -3474
-6311  3067  164   -3468
-6408  2858  276   -3470
-6497  2653  389   -3471
-6575  2447  505   -3460
-6648  2231  622   -3438
-6720  2006  738   -3409
-6788  1781  851   -3380
-6845  1558  963   -3354
-6892  1332  1078  -3331
-6934  1104  1193  -3301
-6969  878   1302  -3259
-6994  657   1404  -3206
-7007  431   1502  -3151
-7015  192   1604  -3098
-7019  -51   1708  -3042
-7015  -285  1811  -2982
-7004  -508  1908  -2921
-6986  -731  1998  -2863
-6963  -962  2086  -2809
-6930  -1197  2176  -2750
-6882  -1427  2269  -2681
-6827  -1646  2363  -2603
-6771  -1859  2453  -2518
-6713  -2071  2538  -2429
-6646  -2288  2617  -2341
-6567  -2510  2691  -2253
-6475  -2733  2757  -2165
-6374  -2947  2818  -2075
-6268  -3152  2879  -1982
-6158  -3349  2947  -1885
-6046  -3545  3018  -1783
-5930  -3742  3083  -1678
-5804  -3939  3136  -1574
-5672  -4130  3182  -1471
-5537  -4312  3229  -1369
-5399  -4487  3273  -1264
-5251  -4661  3313  -1158
-5090  -4834  3346  -1051
-4920  -5002  3375  -942
-4745  -5157  3401  -834
-4567  -5301  3426  -729
-4390  -5442  3451  -622
-4214  -5585  3474  -508
-4039  -5727  3489  -384
-3857  -5861  3495  -259
-3660  -5983  3494  -143
-3453  -6095  3494  -34 
-3244  -6204  3497  78  
-3040  -6312  3498  194 
-2835  -6410  3488  311 
-2624  -6490  3472  425 
-2409  -6560  3467  540 
-2198  -6634  3478  656 
-1989  -6714  3482  766 
-1770  -6784  3448  861 
-1535  -6837  3374  949 
-1294  -6880  3296  1052
-1060  -6918  3243  1179
-837  -6952  3214  1317
-616  -6978  3188  1444
-387  -6997  3150  1549
-154  -7007  3102  1641
81    -7005  3049  1732
319   -6990  2990  1830
559   -6973  2925  1932
796   -6957  2858  2035
1027  -6937  2790  2134
1259  -6903  2721  2229
1496  -6854  2646  2318
1733  -6792  2563  2399
1964  -6725  2476  2474
2189  -6657  2391  2546
2411  -6587  2309  2623
2630  -6510  2228  2705
2844  -6420  2137  2787
3054  -6314  2032  2865
3265  -6198  1922  2931
3475  -6079  1817  2989
3678  -5961  1721  3043
3875  -5839  1627  3099
4072  -5710  1526  3157
4270  -5569  1416  3208
4462  -5416  1300  3248
4644  -5256  1182  3282
4817  -5093  1064  3321
4988  -4930  951   3364
5157  -4761  841   3404
5321  -4580  727   3432
5477  -4390  608   3449
5624  -4198  487   3460
5762  -4010  370   3468
5893  -3824  260   3476
6017  -3631  150   3484
6136  -3423  37    3489
6249  -3202  -81   3486
6355  -2978  -207  3480
6454  -2760  -337  3475
6544  -2546  -463  3474
6626  -2328  -581  3465
6699  -2104  -691  3439
6765  -1878  -801  3403
6826  -1652  -913  3367
6881  -1423  -1027  3334
6929  -1189  -1139  3300
6966  -953  -1249  3263
6988  -720  -1363  3221
7000  -486  -1479  3173
7010  -245  -1588  3119
7022  -1    -1688  3060
7028  238   -1786  3003
7021  469   -1888  2946
7003  701   -1992  2882
6978  941   -2088  2810
6937  1182  -2174  2733
6876  1414  -2260  2658
6810  1636  -2353  2584
6752  1857  -2448  2506
6699  2085  -2536  2423
6635  2314  -2614  2336
6552  2540  -2687  2244
6460  2760  -2759  2147
6365  2980  -2832  2052
6262  3194  -2905  1960
6149  3400  -2974  1869
6032  3598  -3032  1769
5913  3795  -3081  1661
5782  3992  -3129  1552
5638  4184  -3182  1448
5491  4369  -3238  1344
5345  4552  -3285  1232
5188  4734  -3319  1113
5014  4907  -3345  997 
4833  5069  -3376  890 
4659  5224  -3412  785 
4492  5380  -3443  670 
4319  5537  -3458  547 
4131  5682  -3463  426 
3932  5810  -3471  316 
3730  5929  -3489  210 
3531  6051  -3506  99  
3331  6176  -3514  -23 
3125  6289  -3509  -149
2907  6382  -3500  -271
2684  6465  -3489  -386
2462  6552  -3475  -500
2242  6641  -3455  -618
2018  6717  -3429  -741
1790  6775  -3397  -864
1562  6824  -3361  -979
1334  6878  -3325  -1086
1103  6931  -3294  -1190
865   6970  -3261  -1298
623   6989  -3215  -1410
380   6998  -3156  -1519
140   7001  -3096  -1622
-94   6999  -3045  -1722
-320  6992  -2995  -1821
-548  6981  -2934  -1919
-787  6960  -2858  -2014
-1032  6925  -2780  -2103
-1267  6880  -2710  -2191
-1490  6832  -2646  -2282
-1711  6785  -2577  -2377
-1939  6729  -2498  -2472
-2166  6660  -2408  -2561
-2386  6583  -2312  -2641
-2604  6501  -2217  -2712
-2828  6414  -2126  -2778
-3052  6315  -2037  -2846
-3269  6204  -1939  -2914
-3478  6085  -1834  -2978
-3680  5965  -1731  -3034
-3877  5844  -1634  -3087
-4072  5714  -1533  -3138
-4269  5570  -1420  -3190
-4465  5415  -1304  -3241
-4646  5258  -1193  -3290
-4810  5106  -1086  -3336
-4969  4950  -974  -3375
-5132  4786  -858  -3402
-5295  4613  -745  -3424
-5448  4435  -634  -3443
-5590  4251  -520  -3461
-5730  4056  -400  -3476
-5866  3856  -280  -3488
-5989  3657  -165  -3500
-6100  3462  -49   -3508
-6206  3259  73    -3505
-6314  3039  199   -3491
-6419  2809  323   -3473
-6514  2586  438   -3459
-6599  2375  550   -3450
-6676  2161  666   -3440
-6747  1935  788   -3421
-6812  1706  906   -3390
-6868  1486  1011  -3353
-6914  1270  1109  -3316
-6948  1043  1215  -3279
-6975  801   1333  -3239
-6995  563   1452  -3194
-7008  337   1561  -3144
-7012  111   1660  -3090
-7011  -128  1759  -3031
-7008  -375  1861  -2968
-6999  -612  1961  -2902
-6977  -836  2055  -2831
-6938  -1058  2143  -2759
-6888  -1290  2229  -2684
-6836  -1525  2315  -2607
-6785  -1754  2402  -2531
-6730  -1979  2489  -2458
-6667  -2206  2573  -2384
-6593  -2433  2647  -2300
-6509  -2654  2712  -2204
-6416  -2865  2775  -2102
-6315  -3073  2843  -2006
-6206  -3282  2914  -1916
-6090  -3492  2984  -1822
-5970  -3699  3050  -1721
-5847  -3896  3112  -1614
-5719  -4080  3167  -1511
-5579  -4258  3216  -1411
-5428  -4436  3264  -1307
-5273  -4618  3311  -1193
-5118  -4799  3352  -1073
-4956  -4969  3384  -954
-4782  -5128  3410  -843
-4601  -5276  3434  -735
-4423  -5420  3455  -624
-4247  -5561  3471  -509
-4064  -5702  3483  -394
-3871  -5838  3491  -282
-3675  -5966  3497  -171
-3477  -6089  3499  -57 
-3272  -6207  3502  62  
-3057  -6314  3504  183 
-2841  -6410  3497  302 
-2629  -6495  3478  417 
-2416  -6576  3455  531 
-2193  -6651  3435  646 
-1963  -6722  3417  763 
-1734  -6787  3397  878 
-1510  -6843  3371  991 
-1286  -6888  3337  1108
-1057  -6927  3292  1224
-819  -6965  3238  1333
-575  -6996  3186  1430
-335  -7010  3143  1525
-104  -7007  3103  1628
124   -7001  3052  1737
357   -6999  2983  1840
598   -6988  2908  1934
839   -6957  2838  2024
1072  -6912  2773  2118
1297  -6866  2705  2215
1516  -6821  2631  2311
1738  -6770  2550  2400
1967  -6711  2465  2483
2203  -6650  2379  2564
2438  -6582  2293  2647
2659  -6502  2210  2725
2867  -6407  2127  2793
3071  -6305  2038  2853
3275  -6199  1939  2916
3479  -6087  1836  2984
3681  -5966  1734  3049
3876  -5839  1636  3102
4063  -5708  1536  3149
4244  -5572  1426  3196
4425  -5425  1313  3241
4608  -5271  1206  3279
4790  -5111  1104  3313
4964  -4948  995   3351
5130  -4779  872   3393
5291  -4606  744   3428
5445  -4428  623   3449
5586  -4246  512   3457
5715  -4058  404   3465
5837  -3866  293   3477
5962  -3673  176   3491
6089  -3475  53    3497
6214  -3267  -71   3494
6324  -3050  -191  3487
6418  -2833  -307  3480
6507  -2619  -419  3469
6598  -2403  -532  3452
6681  -2181  -648  3430
6744  -1955  -765  3408
6788  -1733  -878  3386
6833  -1512  -986  3360
6888  -1283  -1092  3326
6939  -1049  -1201  3287
6973  -819  -1315  3244
6993  -594  -1425  3198
7009  -364  -1529  3148
7022  -127  -1630  3095
7029  108   -1736  3037
7030  334   -1844  2975
7020  559   -1945  2912
6992  793   -2038  2852
6948  1033  -2128  2790
6902  1269  -2221  2719
6862  1496  -2315  2639
6816  1719  -2405  2558
6750  1941  -2486  2482
6667  2163  -2558  2403
6585  2384  -2628  2314
6510  2601  -2700  2217
6433  2810  -2778  2124
6339  3016  -2856  2039
6226  3225  -2927  1954
6103  3436  -2989  1860
5981  3640  -3044  1758
5866  3835  -3094  1653
5749  4023  -3144  1546
5621  4208  -3194  1439
5477  4390  -3246  1333
5323  4570  -3293  1228
5163  4750  -3330  1120
5000  4923  -3359  1007
4832  5086  -3386  891 
4658  5239  -3416  776 
4478  5388  -3445  661 
4291  5530  -3468  544 
4102  5666  -3484  427 
3914  5797  -3495  311 
3726  5926  -3504  197 
3532  6049  -3507  80  
3331  6162  -3504  -43 
3124  6269  -3501  -163
2916  6374  -3499  -277
2708  6472  -3496  -387
2494  6557  -3487  -501
2270  6628  -3469  -620
2037  6691  -3443  -739
1804  6752  -3412  -849
1577  6813  -3377  -954
1354  6867  -3342  -1059
1131  6908  -3306  -1170
903   6942  -3266  -1282
667   6974  -3220  -1392
428   7003  -3169  -1500
191   7014  -3116  -1606
-37   7004  -3065  -1709
-263  6985  -3011  -1807
-496  6974  -2951  -1899
-741  6967  -2882  -1988
-985  6949  -2810  -2077
-1213  6908  -2740  -2170
-1424  6854  -2669  -2264
-1635  6800  -2595  -2353
-1861  6747  -2514  -2438
-2100  6685  -2430  -2525
-2335  6608  -2344  -2613
-2555  6521  -2256  -2694
-2766  6432  -2165  -2760
-2981  6339  -2068  -2819
-3199  6237  -1967  -2884
-3408  6121  -1866  -2954
-3605  6000  -1768  -3018
-3797  5879  -1673  -3069
-3994  5756  -1573  -3113
-4191  5621  -1465  -3163
-4379  5474  -1354  -3220
-4558  5323  -1241  -3277
-4734  5171  -1128  -3322
-4908  5013  -1016  -3356
-5075  4844  -906  -3382
-5233  4667  -796  -3407
-5385  4493  -683  -3429
-5530  4323  -568  -3446
-5664  4144  -453  -3460
-5789  3954  -338  -3475
-5916  3759  -222  -3487
-6049  3562  -106  -3493
-6179  3358  8     -3494
-6295  3141  120   -3496
-6392  2922  238   -3495
-6474  2712  363   -3486
-6554  2508  487   -3466
-6637  2296  601   -3445
-6717  2069  706   -3428
-6780  1836  816   -3411
-6825  1607  935   -3383
-6864  1384  1057  -3342
-6909  1160  1168  -3293
-6952  929   1267  -3248
-6984  696   1364  -3212
-7008  466   1469  -3178
-7030  239   1582  -3133
-7043  12    1690  -3075
-7036  -218  1788  -3013
-7010  -449  1879  -2954
-6982  -680  1974  -2895
-6955  -907  2074  -2830
-6919  -1134  2172  -2754
-6870  -1363  2261  -2676
-6818  -1594  2342  -2599
-6772  -1822  2420  -2523
-6722  -2047  2499  -2443
-6653  -2268  2580  -2360
-6564  -2484  2658  -2271
-6470  -2695  2735  -2180
-6379  -2905  2812  -2085
-6286  -3115  2886  -1988
-6182  -3323  2952  -1891
-6066  -3526  3011  -1793
-5945  -3723  3067  -1692
-5822  -3919  3124  -1592
-5688  -4110  3179  -1492
-5540  -4294  3227  -1390
-5387  -4471  3267  -1281
-5240  -4647  3306  -1169
-5094  -4820  3343  -1058
-4935  -4986  3376  -953
-4759  -5143  3406  -847
-4576  -5296  3432  -733
-4400  -5446  3455  -609
-4225  -5587  3471  -487
-4038  -5716  3481  -374
-3839  -5841  3489  -269
-3640  -5969  3498  -160
-3447  -6096  3504  -41 
-3252  -6213  3503  84  
-3046  -6317  3497  206 
-2829  -6412  3490  321 
-2610  -6503  3483  427 
-2389  -6586  3471  529 
-2167  -6660  3452  641 
-1946  -6730  3432  773 
-1729  -6797  3416  914 
-1507  -6856  3403  1036
-1271  -6900  3375  1121
-1025  -6927  3322  1187
-786  -6947  3249  1269
-560  -6966  3176  1383
-336  -6988  3115  1518
-103  -7003  3066  1648
133   -7003  3019  1759
366   -6988  2970  1852
598   -6966  2915  1939
838   -6945  2853  2030
1083  -6923  2780  2126
1322  -6889  2698  2222
1548  -6838  2616  2311
1768  -6777  2540  2395
1996  -6713  2467  2480
2232  -6645  2389  2566
2463  -6567  2300  2649
2677  -6478  2201  2723
2882  -6383  2099  2789
3092  -6285  2000  2857
3310  -6181  1905  2928
3525  -6064  1811  2995
3726  -5937  1714  3054
3917  -5803  1613  3108
4108  -5668  1510  3160
4303  -5530  1404  3207
4496  -5385  1294  3248
4679  -5230  1182  3290
4849  -5070  1069  3333
5007  -4907  956   3371
5157  -4737  842   3401
5313  -4555  724   3426
5477  -4367  605   3452
5637  -4181  489   3476
5778  -3997  371   3488
5901  -3803  248   3486
6020  -3594  123   3479
6140  -3379  4     3480
6258  -3169  -110  3488
6366  -2962  -225  3492
6464  -2751  -343  3484
6555  -2533  -459  3468
6635  -2312  -572  3450
6707  -2086  -688  3432
6772  -1861  -811  3406
6833  -1635  -932  3370
6889  -1408  -1041  3332
6934  -1176  -1143  3299
6966  -939  -1249  3267
6988  -704  -1359  3226
7003  -475  -1470  3174
7015  -247  -1577  3120
7025  -16   -1684  3069
7024  221   -1790  3020
7007  460   -1892  2963
6977  696   -1989  2894
6945  928   -2084  2818
6916  1159  -2178  2742
6883  1390  -2270  2669
6835  1620  -2356  2594
6770  1847  -2440  2513
6697  2073  -2525  2429
6622  2300  -2610  2343
6544  2522  -2690  2255
6461  2735  -2761  2164
6370  2940  -2826  2070
6272  3147  -2891  1978
6164  3367  -2957  1885
6044  3590  -3020  1786
5913  3801  -3078  1680
5777  3991  -3134  1566
5639  4167  -3191  1451
5497  4342  -3245  1340
5351  4523  -3288  1235
5199  4703  -3321  1134
5042  4879  -3352  1029
4875  5049  -3386  917 
4699  5212  -3419  800 
4515  5366  -3449  685 
4331  5510  -3474  573 
4147  5647  -3495  458 
3957  5783  -3507  338 
3754  5915  -3507  215 
3544  6040  -3504  93  
3338  6151  -3507  -27 
3138  6255  -3515  -144
2935  6357  -3516  -257
2720  6459  -3503  -369
2496  6554  -3479  -482
2270  6636  -3454  -595
2045  6708  -3432  -711
1816  6769  -3409  -829
1585  6819  -3381  -950
1357  6862  -3349  -1066
1133  6907  -3313  -1177
905   6954  -3271  -1286
669   6993  -3223  -1396
427   7010  -3172  -1502
185   7008  -3120  -1604
-56   6996  -3061  -1704
-294  6983  -2992  -1809
-529  6972  -2917  -1914
-764  6959  -2845  -2013
-1000  6939  -2784  -2108
-1236  6906  -2727  -2202
-1472  6860  -2663  -2292
-1704  6799  -2585  -2374
-1930  6726  -2499  -2452
-2151  6648  -2411  -2536
-2369  6573  -2324  -2622
-2592  6500  -2235  -2702
-2814  6419  -2140  -2771
-3029  6322  -2039  -2838
-3232  6214  -1935  -2908
-3435  6101  -1833  -2976
-3645  5985  -1735  -3037
-3854  5861  -1639  -3093
-4047  5729  -1537  -3148
-4225  5592  -1426  -3202
-4403  5452  -1316  -3247
-4587  5305  -1213  -3285
-4773  5147  -1110  -3321
-4949  4976  -997  -3357
-5112  4802  -875  -3389
-5261  4630  -756  -3413
-5404  4462  -647  -3431
-5551  4286  -540  -3448
-5703  4095  -426  -3463
-5846  3890  -303  -3473
-5969  3684  -180  -3475
-6082  3486  -62   -3473
-6198  3291  54    -3472
-6319  3086  170   -3475
-6426  2865  287   -3478
-6509  2638  402   -3470
-6576  2425  511   -3452
-6642  2222  624   -3432
-6715  2013  743   -3416
-6791  1783  866   -3395
-6860  1538  983   -3361
-6912  1296  1091  -3320
-6944  1064  1193  -3282
-6964  837   1296  -3247
-6985  611   1401  -3203
-7008  385   1508  -3149
-7025  158   1617  -3091
-7028  -73   1726  -3040
-7019  -308  1830  -2990
-7002  -543  1926  -2931
-6975  -775  2017  -2861
-6942  -1004  2109  -2788
-6903  -1233  2202  -2719
-6858  -1461  2293  -2652
-6804  -1690  2377  -2580
-6743  -1918  2458  -2497
-6678  -2141  2544  -2407
-6609  -2359  2632  -2318
-6529  -2577  2713  -2234
-6433  -2798  2778  -2150
-6329  -3016  2834  -2058
-6224  -3225  2892  -1956
-6120  -3424  2956  -1848
-6010  -3622  3019  -1741
-5889  -3818  3076  -1639
-5754  -4012  3133  -1541
-5607  -4202  3193  -1442
-5453  -4390  3250  -1336
-5302  -4570  3296  -1222
-5155  -4739  3329  -1108
-5003  -4897  3355  -999
-4842  -5054  3385  -894
-4672  -5213  3419  -785
-4496  -5369  3450  -667
-4311  -5518  3473  -549
-4120  -5661  3487  -437
-3926  -5799  3501  -330
-3730  -5929  3516  -217
-3529  -6048  3524  -92 
-3319  -6159  3517  35  
-3109  -6264  3499  156 
-2905  -6363  3483  269 
-2699  -6459  3474  381 
-2475  -6554  3465  497 
-2234  -6639  3448  618 
-1997  -6705  3419  738 
-1779  -6756  3387  849 
-1572  -6809  3359  953 
-1356  -6873  3335  1062
-1120  -6931  3305  1181
-873  -6967  3263  1305
-626  -6979  3210  1418
-389  -6982  3156  1519
-160  -6988  3106  1617
67    -6996  3059  1722
298   -7004  3006  1826
534   -7000  2943  1922
770   -6975  2873  2010
1002  -6933  2803  2101
1232  -6887  2734  2199
1463  -6846  2663  2297
1694  -6803  2584  2385
1920  -6748  2500  2466
2140  -6679  2413  2546
2357  -6598  2326  2630
2574  -6511  2234  2711
2791  -6421  2137  2783
3009  -6329  2040  2844
3228  -6231  1947  2903
3444  -6117  1855  2965
3651  -5988  1758  3027
3842  -5858  1654  3081
4020  -5733  1547  3127
4197  -5606  1441  3172
4380  -5466  1335  3221
4567  -5310  1228  3268
4746  -5149  1120  3307
4912  -4990  1011  3341
5068  -4831  897   3378
5223  -4663  778   3415
5379  -4482  659   3443
5530  -4296  546   3455
5672  -4114  435   3458
5807  -3935  324   3464
5939  -3748  212   3481
6068  -3545  100   3502
6189  -3328  -17   3514
6295  -3111  -140  3509
6388  -2900  -263  3490
6475  -2696  -380  3469
6567  -2494  -491  3457
6657  -2282  -602  3448
6731  -2053  -718  3432
6783  -1812  -837  3403
6830  -1578  -956  3368
6883  -1359  -1071  3331
6936  -1143  -1181  3292
6976  -912  -1286  3250
6999  -671  -1389  3208
7017  -436  -1490  3166
7033  -213  -1590  3121
7038  7     -1694  3067
7027  236   -1798  3004
7005  468   -1897  2938
6983  700   -1989  2872
6959  928   -2078  2805
6927  1157  -2170  2734
6882  1386  -2264  2659
6828  1615  -2356  2582
6769  1847  -2445  2503
6707  2080  -2529  2420
6640  2309  -2607  2333
6560  2528  -2678  2246
6461  2738  -2751  2161
6356  2944  -2825  2072
6259  3150  -2895  1977
6166  3356  -2955  1880
6059  3558  -3010  1785
5931  3754  -3070  1690
5792  3950  -3133  1586
5657  4151  -3188  1475
5522  4353  -3231  1362
5371  4541  -3267  1251
5205  4705  -3306  1142
5038  4856  -3346  1033
4879  5014  -3382  923 
4716  5182  -3408  813 
4541  5344  -3429  702 
4358  5489  -3453  589 
4173  5624  -3479  474 
3988  5759  -3497  357 
3795  5894  -3501  237 
3593  6022  -3496  115 
3383  6138  -3494  -3  
3171  6245  -3499  -115
2961  6345  -3502  -227
2755  6439  -3498  -341
2546  6528  -3488  -462
2331  6612  -3474  -586
2106  6689  -3454  -712
1876  6757  -3426  -832
1642  6814  -3392  -944
1407  6865  -3356  -1049
1174  6911  -3319  -1154
946   6948  -3279  -1261
718   6973  -3233  -1368
486   6990  -3183  -1471
250   6999  -3129  -1573
13    6999  -3070  -1671
-223  6989  -3009  -1768
-461  6974  -2948  -1867
-695  6959  -2888  -1970
-922  6941  -2824  -2074
-1143  6910  -2754  -2173
-1367  6866  -2678  -2261
-1597  6813  -2600  -2343
-1826  6759  -2522  -2424
-2048  6700  -2441  -2505
-2266  6632  -2357  -2581
-2484  6551  -2269  -2653
-2701  6459  -2180  -2728
-2917  6359  -2092  -2809
-3131  6254  -2000  -2889
-3342  6148  -1900  -2958
-3549  6040  -1795  -3011
-3751  5926  -1691  -3060
-3949  5803  -1589  -3114
-4144  5667  -1487  -3169
-4334  5520  -1380  -3218
-4515  5367  -1269  -3258
-4688  5214  -1161  -3293
-4853  5059  -1056  -3329
-5016  4896  -949  -3364
-5177  4724  -835  -3398
-5331  4552  -718  -3427
-5473  4386  -600  -3452
-5610  4215  -483  -3470
-5751  4023  -367  -3482
-5890  3815  -251  -3489
-6015  3606  -136  -3493
-6124  3407  -22   -3493
-6232  3209  93    -3492
-6344  3000  210   -3488
-6447  2779  325   -3481
-6528  2561  438   -3471
-6597  2349  552   -3455
-6675  2138  672   -3433
-6761  1916  793   -3407
-6835  1683  911   -3379
-6882  1447  1024  -3348
-6909  1215  1135  -3312
-6937  987   1247  -3270
-6972  760   1358  -3224
-7002  531   1463  -3177
-7015  301   1562  -3128
-7013  67    1658  -3077
-7006  -170  1756  -3022
-7000  -406  1854  -2962
-6989  -634  1951  -2899
-6965  -855  2046  -2833
-6928  -1078  2140  -2763
-6884  -1309  2231  -2687
-6840  -1542  2318  -2607
-6794  -1771  2406  -2531
-6739  -1996  2495  -2455
-6671  -2221  2580  -2376
-6591  -2441  2656  -2288
-6505  -2654  2726  -2194
-6415  -2863  2794  -2100
-6320  -3074  2863  -2007
-6219  -3285  2931  -1915
-6105  -3488  2995  -1820
-5977  -3683  3056  -1718
-5840  -3878  3115  -1611
-5702  -4076  3170  -1504
-5564  -4267  3223  -1401
-5423  -4440  3269  -1299
-5273  -4601  3305  -1191
-5116  -4764  3334  -1079
-4957  -4940  3362  -964
-4792  -5118  3395  -848
-4616  -5285  3431  -733
-4432  -5437  3460  -621
-4249  -5581  3476  -513
-4070  -5721  3481  -402
-3884  -5856  3483  -286
-3680  -5983  3489  -166
-3462  -6099  3498  -48 
-3244  -6209  3504  68  
-3036  -6313  3502  181 
-2836  -6408  3495  295 
-2632  -6493  3483  411 
-2416  -6574  3466  533 
-2190  -6654  3444  650 
-1962  -6727  3419  755 
-1737  -6787  3390  860 
-1513  -6837  3358  984 
-1286  -6887  3328  1126
-1056  -6933  3307  1256
-822  -6965  3288  1349
-584  -6979  3250  1418
-344  -6982  3181  1492
-110  -6982  3093  1585
115   -6984  3014  1695
341   -6987  2957  1812
577   -6985  2913  1928
818   -6966  2863  2036
1049  -6929  2799  2129
1273  -6882  2724  2213
1499  -6835  2642  2297
1734  -6788  2554  2385
1966  -6733  2461  2473
2187  -6666  2370  2558
2401  -6590  2287  2635
2620  -6503  2210  2707
2844  -6406  2129  2774
3065  -6299  2036  2842
3277  -6188  1930  2911
3483  -6076  1819  2980
3686  -5963  1710  3044
3888  -5841  1607  3100
4081  -5709  1509  3154
4265  -5570  1408  3206
4445  -5428  1301  3253
4626  -5281  1193  3290
4806  -5124  1089  3318
4972  -4955  989   3348
5123  -4778  883   3383
5270  -4601  763   3418
5426  -4427  639   3444
5586  -4248  520   3459
5734  -4058  407   3469
5861  -3858  295   3479
5970  -3660  181   3487
6076  -3470  67    3493
6191  -3279  -52   3497
6314  -3071  -180  3496
6431  -2846  -310  3485
6527  -2617  -428  3467
6602  -2396  -533  3448
6668  -2180  -640  3432
6736  -1963  -758  3412
6805  -1741  -878  3384
6865  -1514  -993  3352
6912  -1279  -1102  3322
6949  -1039  -1214  3290
6977  -804  -1329  3249
6996  -579  -1443  3195
7007  -356  -1547  3134
7013  -125  -1643  3077
7012  111   -1737  3024
7007  343   -1835  2972
6997  573   -1936  2913
6980  807   -2035  2844
6951  1046  -2128  2769
6909  1282  -2218  2695
6857  1511  -2307  2627
6802  1736  -2395  2559
6743  1961  -2479  2483
6675  2185  -2558  2396
6598  2407  -2638  2303
6510  2627  -2718  2206
6417  2842  -2795  2110
6319  3052  -2864  2013
6216  3259  -2925  1917
6103  3469  -2983  1817
5980  3677  -3042  1715
5850  3879  -3104  1611
5717  4070  -3160  1512
5585  4254  -3206  1415
5448  4438  -3246  1313
5299  4619  -3288  1203
5139  4795  -3334  1088
4970  4961  -3372  971 
4797  5120  -3400  856 
4617  5275  -3424  740 
4427  5427  -3452  624 
4234  5571  -3478  508 
4044  5704  -3492  395 
3855  5830  -3495  280 
3658  5955  -3498  163 
3453  6077  -3506  43  
3247  6192  -3511  -75 
3044  6301  -3505  -188
2839  6407  -3489  -300
2623  6507  -3473  -416
2401  6594  -3461  -537
2176  6664  -3448  -658
1950  6725  -3427  -774
1720  6783  -3398  -885
1491  6840  -3362  -995
1264  6891  -3324  -1106
1037  6933  -3287  -1218
809   6960  -3247  -1327
581   6975  -3202  -1431
349   6985  -3152  -1536
109   6997  -3097  -1643
-137  7005  -3040  -1748
-375  7005  -2979  -1849
-602  6994  -2915  -1947
-825  6972  -2848  -2045
-1054  6940  -2777  -2141
-1291  6897  -2704  -2231
-1526  6844  -2628  -2313
-1753  6786  -2551  -2392
-1974  6722  -2471  -2470
-2194  6653  -2389  -2545
-2420  6578  -2305  -2622
-2651  6495  -2219  -2705
-2872  6402  -2126  -2791
-3073  6300  -2027  -2869
-3263  6195  -1925  -2929
-3461  6087  -1827  -2980
-3671  5973  -1731  -3034
-3879  5847  -1632  -3094
-4071  5708  -1531  -3154
-4255  5563  -1430  -3204
-4440  5417  -1325  -3248
-4625  5267  -1214  -3289
-4799  5110  -1097  -3325
-4960  4949  -982  -3358
-5117  4787  -871  -3389
-5273  4618  -759  -3419
-5423  4439  -642  -3442
-5563  4256  -526  -3459
-5698  4078  -411  -3476
-5835  3900  -293  -3490
-5971  3705  -169  -3496
-6095  3490  -47   -3489
-6203  3271  66    -3482
-6304  3064  172   -3483
-6402  2861  281   -3488
-6496  2650  397   -3480
-6580  2428  520   -3458
-6655  2205  643   -3429
-6728  1985  759   -3403
-6800  1765  867   -3380
-6867  1542  971   -3358
-6919  1315  1080  -3331
-6952  1085  1194  -3296
-6972  852   1308  -3250
-6989  621   1412  -3198
-7008  392   1510  -3146
-7025  158   1611  -3094
-7031  -84   1716  -3039
-7022  -324  1821  -2979
-7003  -551  1920  -2916
-6979  -771  2013  -2854
-6949  -997  2107  -2791
-6908  -1234  2201  -2723
-6859  -1469  2293  -2651
-6804  -1693  2379  -2577
-6749  -1909  2458  -2499
-6688  -2130  2534  -2415
-6617  -2359  2618  -2326
-6535  -2585  2705  -2235
-6444  -2797  2779  -2146
-6348  -2998  2832  -2056
